-5.538075091097498080e+04
-5.515694616212023539e+04
-5.513651740989970858e+04
-5.511351227440396178e+04
-5.508692807137322234e+04
-5.505553971775584796e+04
-5.501785631436729454e+04
-5.497211120132389624e+04
-5.491634083230779652e+04
-5.484865020797002217e+04
-5.476779158232151531e+04
-5.467410904609859426e+04
-5.457057427166515845e+04
-5.446307141399165266e+04
-5.435892493041839771e+04
-5.426388675936200161e+04
-5.417971490639362310e+04
-5.410434029459133308e+04
-5.403409068755151384e+04
-5.396589586856122332e+04
-5.389828321399994456e+04
-5.383131955195320916e+04
-5.376607340615306020e+04
-5.370399687224697118e+04
-5.364641987844651885e+04
-5.359424108533822437e+04
-5.354782857718261221e+04
-5.350708253177257575e+04
-5.347157982955061743e+04
-5.344072764978282794e+04
-5.341388380748711643e+04
-5.339043244326097192e+04
-5.336982197917945450e+04
-5.335157796693777345e+04
-5.333530202586604719e+04
-5.332066443439145951e+04
-5.330739466227086814e+04
-5.329527193926127802e+04
-5.328411672396407084e+04
-5.327378332938368840e+04
-5.326415369672605448e+04
-5.325513220913464465e+04
-5.324664140896948084e+04
-5.323861848246837326e+04
-5.323101238625043334e+04
-5.322378150433073461e+04
-5.321689173966239468e+04
-5.321031495954863203e+04
-5.320402772882479621e+04
-5.319801027788565989e+04
-5.319224566396490991e+04
